0,0.037164927,0.064366466,0.118275199,0.023095013,0.056543471,0.048346978,0.063296135,0.048003636
0.037164927,0,0.074769421,0.137900573,0.055411112,0.067667225,0.065865715,0.069973873,0.05299043
0.064366466,0.074769421,0,0.108887557,0.070071231,0.050976894,0.048257172,0.028360893,0.104093211
0.118275199,0.137900573,0.108887557,0,0.110665802,0.061729608,0.120920743,0.069140353,0.087570775
0.023095013,0.055411112,0.070071231,0.110665802,0,0.068387514,0.057916851,0.061138111,0.057434082
0.056543471,0.067667225,0.050976894,0.061729608,0.068387514,0,0.079312015,0.039153095,0.04262418
0.048346978,0.065865715,0.048257172,0.120920743,0.057916851,0.079312015,0,0.057927032,0.100143819
0.063296135,0.069973873,0.028360893,0.069140353,0.061138111,0.039153095,0.057927032,0,0.072786114
0.048003636,0.05299043,0.104093211,0.087570775,0.057434082,0.04262418,0.100143819,0.072786114,0
